<?xml version="1.0"?>
<opencv_storage>
<Distrotion2 type_id="opencv-matrix">
  <rows>5</rows>
  <cols>1</cols>
  <dt>f</dt>
  <data>
    -4.73471791e-001 4.00658429e-001 5.03026694e-003 4.68792208e-003
    -2.49075681e-001</data></Distrotion2>
</opencv_storage>
